1.0 6.2200485070546465
2.0 7.249225934346517
3.0 8.048435926437378
4.0 7.9537999629974365
5.0 7.714606364568074
6.0 6.557152032852173
7.0 6.565209070841472
8.0 7.231662670771281
9.0 7.12974230448405
10.0 6.925774653752645
11.0 7.222894271214803
12.0 7.4674601554870605
13.0 7.596866607666016
14.0 7.68177604675293
15.0 7.696237484614055
16.0 7.522664785385132
17.0 7.1863532066345215
18.0 7.159080982208252
19.0 7.1160837809244795
20.0 7.54065187772115
21.0 7.935136238733928
22.0 8.622991641362509
23.0 8.826890786488852
24.0 8.288224140803019
25.0 8.027423779169718
26.0 7.744800806045532
27.0 7.797014872233073
28.0 7.893653949101766
29.0 7.400174697240193
30.0 7.134695450464885
31.0 8.018008867899576
32.0 8.177727937698364
33.0 7.63087256749471
34.0 7.3813644250233965
35.0 7.039987087249756
36.0 7.499211549758911
37.0 7.971982876459758
38.0 8.437235355377197
39.0 8.725912729899088
40.0 8.134788433710733
41.0 8.090301195780436
42.0 8.402334372202555
43.0 8.719948450724283
44.0 9.0636568069458
45.0 9.486135323842367
46.0 9.895474433898926
47.0 8.835000912348429
48.0 8.23369018236796
49.0 8.230692704518637
50.0 8.595416069030762
51.0 9.705140511194864
52.0 9.105199416478476
53.0 8.121618111928305
54.0 8.222344875335693
55.0 8.33096170425415
56.0 9.89335028330485
57.0 10.242566426595053
58.0 7.810757398605347
59.0 8.258052349090576
60.0 10.408551375071207
61.0 9.8590194384257
62.0 9.022533496220907
63.0 9.260678370793661
64.0 9.479792356491089
65.0 10.474252541859945
66.0 10.609607299168905
67.0 9.398356358210245
68.0 9.484226067860922
69.0 10.00538698832194
70.0 9.978981177012125
71.0 9.937961419423422
72.0 10.080863952636719
73.0 10.220388333002726
74.0 10.37016781171163
75.0 10.74884041150411
76.0 11.562529563903809
77.0 11.411932786305746
78.0 10.928580125172934
79.0 11.59386650721232
80.0 12.199502150217691
81.0 12.330252806345621
82.0 12.307023843129477
83.0 11.498354276021322
84.0 11.560053984324137
85.0 12.095647811889648
86.0 12.306574821472168
87.0 12.505485693613688
88.0 12.618206342061361
89.0 12.740293979644775
90.0 12.835130373636881
91.0 13.020888487497965
92.0 13.235734621683756
93.0 13.865133921305338
94.0 14.875210762023926
95.0 14.340025742848715
96.0 13.740897019704184
97.0 15.538557688395182
98.0 16.70632775624593
99.0 16.412880420684814
100.0 17.438889662424724
101.0 19.413692792256672
102.0 20.8599910736084
103.0 22.20110861460368
104.0 24.014036496480305
105.0 25.865840911865234
106.0 28.659099260965984
107.0 31.308059692382812
108.0 34.035658836364746
109.0 36.688734690348305
110.0 39.38008403778076
111.0 41.695024490356445
112.0 43.966864267985024
113.0 47.003028869628906
114.0 49.446786880493164
115.0 49.45506159464518
116.0 49.94149080912272
117.0 50.541343688964844
118.0 50.34962717692057
119.0 49.83857091267904
120.0 50.54872449239095
121.0 51.176432291666664
122.0 51.04439353942871
123.0 51.19371668497721
124.0 50.42191632588705
125.0 54.51198132832845
126.0 60.051621754964195
127.0 70.30238723754883
128.0 80.24246215820312
129.0 100.83388137817383
130.0 123.46906026204427
131.0 159.85897572835287
132.0 204.60159301757812
133.0 257.982671101888
134.0 326.0109405517578
135.0 396.6796061197917
136.0 477.13853454589844
137.0 557.7673543294271
138.0 650.1190083821615
139.0 744.8045349121094
140.0 846.954600016276
141.0 955.395273844401
142.0 1056.2938639322917
143.0 1220.846171061198
144.0 1386.2326253255208
145.0 1604.9137166341145
146.0 1826.7205607096355
147.0 2100.3116048177085
148.0 2343.994344075521
149.0 2593.8966471354165
150.0 2740.6149088541665
151.0 2884.2848307291665
152.0 2887.2850341796875
153.0 2888.02099609375
154.0 2757.069051106771
155.0 2618.340616861979
156.0 2429.323933919271
157.0 2213.119588216146
158.0 1979.9651285807292
159.0 1750.7427368164062
160.0 1520.8474731445312
161.0 1336.7411499023438
162.0 1155.934102376302
163.0 1000.8362325032552
164.0 865.4646809895834
165.0 741.5461629231771
166.0 651.3939005533854
167.0 563.448720296224
168.0 504.3327891031901
169.0 444.06719970703125
170.0 394.14158121744794
171.0 349.13177998860675
172.0 311.062993367513
173.0 281.1397399902344
174.0 253.2195561726888
175.0 229.73930867513022
176.0 206.54566701253256
177.0 193.87335713704428
178.0 179.29926045735678
179.0 163.76104482014975
180.0 151.63316599527994
181.0 140.11359659830728
182.0 133.82851537068686
183.0 127.80968602498372
184.0 119.1623420715332
185.0 111.58732604980469
186.0 106.93402608235677
187.0 101.1589953104655
188.0 95.22269058227539
189.0 88.35084279378255
190.0 81.21822738647461
191.0 75.76601155598958
192.0 70.133482615153
193.0 64.15301767985027
194.0 58.70917574564616
195.0 54.141364415486656
196.0 48.05650266011556
197.0 41.16951688130697
198.0 38.359816233317055
199.0 35.329620997111
200.0 31.587810516357422
201.0 28.260704040527344
202.0 25.62991714477539
203.0 22.376373926798504
204.0 18.405736764272053
205.0 17.981056054433186
206.0 17.58184305826823
207.0 16.98209301630656
208.0 15.950297514597574
209.0 13.19675318400065
210.0 12.646275361378988
211.0 13.335350513458252
212.0 12.902437527974447
213.0 12.473537921905518
214.0 10.54466454188029
215.0 9.34401798248291
216.0 10.505393981933594
217.0 10.883159637451172
218.0 10.989509423573812
219.0 11.450822671254477
220.0 12.125529766082764
221.0 10.619880676269531
222.0 9.450413624445597
223.0 9.147982994715372
224.0 8.909652789433798
225.0 8.970441659291586
226.0 8.84233808517456
227.0 8.590360800425211
228.0 9.337575594584147
229.0 9.887288570404053
230.0 8.86577812830607
231.0 8.104548931121826
232.0 7.0480038324991865
233.0 7.056929190953572
234.0 7.319406072298686
235.0 8.070067246754965
236.0 8.763288259506226
237.0 8.45265825589498
238.0 8.206404209136963
239.0 7.564148664474487
240.0 7.742646853129069
241.0 8.509806553522745
242.0 7.320972283681233
243.0 6.120652278264363
244.0 6.988373756408691
245.0 7.439140160878499
246.0 7.592328786849976
247.0 7.775869528452556
248.0 8.075547059377035
249.0 7.537565310796102
250.0 6.932146708170573
251.0 7.60604190826416
252.0 7.930049101511638
253.0 7.593180815378825
254.0 7.595300674438477
255.0 7.736192941665649
256.0 7.819324016571045
257.0 7.952092885971069
258.0 6.790322542190552
259.0 6.224752108256022
260.0 7.669647932052612
261.0 7.878457069396973
262.0 7.3239180246988935
263.0 7.6950827439626055
264.0 8.252931197484335
265.0 7.027815500895183
266.0 6.2637388706207275
267.0 6.822498321533203
268.0 7.182730595270793
269.0 7.897536039352417
270.0 7.132001717885335
271.0 5.977456728617351
272.0 7.485909461975098
273.0 8.356240431467691
274.0 6.8152821858723955
275.0 6.344543695449829
276.0 6.411271810531616
277.0 6.545008023579915
278.0 6.700080116589864
279.0 7.127376953760783
280.0 7.348982175191243
281.0 6.316574494043986
282.0 5.883441249529521
283.0 5.591035882631938
284.0 6.362592140833537
285.0 7.498791376749675
286.0 6.8547743161519366
287.0 6.458438714345296
288.0 6.874974727630615
289.0 7.100647052129109
290.0 7.420217752456665
291.0 7.1108871301015215
292.0 6.650551954905192
293.0 6.473827441533406
294.0 6.365749041239421
295.0 6.97337277730306
296.0 7.101471106211345
297.0 6.745779673258464
298.0 6.934478759765625
299.0 7.29690408706665
300.0 6.635129928588867
301.0 6.184161186218262
302.0 6.793724536895752
303.0 6.933650890986125
304.0 6.687624295552571
305.0 6.948639790217082
306.0 7.465250730514526
307.0 5.8900541464487715
308.0 4.8310400446256
